0 kwh_h 0.012 0.261 0.001 0.001 0.259 0.017 0.000 0.000 tem_h 26.9 26.6 27.1
1 kwh_h 0.013 0.214 0.001 0.001 0.213 0.017 0.000 0.000 tem_h 26.8 26.7 27.0
2 kwh_h 0.011 0.202 0.001 0.001 0.200 0.016 0.000 0.000 tem_h 26.8 26.6 26.9
3 kwh_h 0.011 0.166 0.001 0.001 0.165 0.016 0.000 0.000 tem_h 26.6 26.5 26.8
4 kwh_h 0.011 0.252 0.001 0.001 0.251 0.016 0.000 0.000 tem_h 26.6 26.4 26.8
5 kwh_h 0.010 0.238 0.001 0.001 0.237 0.015 0.000 0.000 tem_h 26.4 26.3 26.6
6 kwh_h 0.012 0.279 0.001 0.001 0.277 0.016 0.000 0.000 tem_h 26.3 26.1 26.3
7 kwh_h 0.057 0.248 0.001 0.001 0.246 0.061 0.000 0.000 tem_h 26.4 26.1 26.8
8 kwh_h 0.070 0.225 0.001 0.001 0.223 0.075 0.000 0.000 tem_h 26.4 26.3 26.6
9 kwh_h 0.071 0.194 0.001 0.001 0.192 0.076 0.000 0.000 tem_h 26.8 26.5 27.0
10 kwh_h 0.071 0.196 0.001 0.001 0.194 0.076 0.000 0.000 tem_h 26.9 26.8 27.1
11 kwh_h 0.198 0.486 0.291 0.001 0.344 0.067 0.000 0.000 tem_h 27.2 27.0 27.6
12 kwh_h 0.273 0.514 0.457 0.001 0.285 0.058 0.000 0.000 tem_h 27.0 26.9 27.2
13 kwh_h 0.065 0.228 0.001 0.001 0.226 0.070 0.000 0.000 tem_h 27.0 26.8 27.1
14 kwh_h 0.069 0.288 0.001 0.001 0.285 0.074 0.000 0.000 tem_h 26.8 26.7 26.9
15 kwh_h 0.068 0.255 0.001 0.001 0.253 0.074 0.000 0.000 tem_h 26.7 26.6 26.8
16 kwh_h 0.068 0.337 0.001 0.001 0.334 0.073 0.000 0.000 tem_h 26.6 26.4 26.8
17 kwh_h 0.049 0.256 0.001 0.001 0.255 0.053 0.000 0.000 tem_h 26.5 26.4 26.6
18 kwh_h 0.231 0.531 0.375 0.055 0.318 0.030 0.000 0.000 tem_h 26.4 26.3 26.5
19 kwh_h 0.021 0.342 0.000 0.001 0.340 0.025 0.000 0.000 tem_h 26.4 26.2 26.6
20 kwh_h 0.447 0.737 0.869 0.001 0.309 0.030 0.000 0.000 tem_h 26.3 26.1 26.4
21 kwh_h 0.025 0.376 0.001 0.001 0.363 0.029 0.000 0.000 tem_h 26.3 26.1 26.4
22 kwh_h 0.021 0.477 0.001 0.001 0.474 0.025 0.000 0.000 tem_h 26.1 25.9 26.2
23 kwh_h 0.011 0.340 0.001 0.001 0.338 0.015 0.000 0.000 tem_h 25.9 25.8 26.1
