0 kwh_h 0.015 0.184 0.001 0.001 0.183 0.019 0.000 0.000 tem_h 24.4 24.2 24.6
1 kwh_h 0.013 0.161 0.001 0.001 0.160 0.017 0.000 0.000 tem_h 24.2 24.0 24.3
2 kwh_h 0.012 0.135 0.001 0.001 0.134 0.017 0.000 0.000 tem_h 23.9 23.8 24.1
3 kwh_h 0.013 0.140 0.001 0.001 0.140 0.018 0.000 0.000 tem_h 23.9 23.8 24.0
4 kwh_h 0.014 0.173 0.001 0.001 0.172 0.018 0.000 0.000 tem_h 23.8 23.6 23.9
5 kwh_h 0.013 0.131 0.001 0.001 0.130 0.017 0.000 0.000 tem_h 23.6 23.5 23.8
6 kwh_h 0.013 0.142 0.001 0.001 0.141 0.017 0.000 0.000 tem_h 23.6 23.5 23.8
7 kwh_h 0.052 0.202 0.001 0.008 0.198 0.054 0.000 0.000 tem_h 24.0 23.6 24.3
8 kwh_h 0.072 0.224 0.001 0.001 0.222 0.077 0.000 0.000 tem_h 24.2 24.1 24.4
9 kwh_h 0.075 0.310 0.001 0.001 0.307 0.081 0.000 0.000 tem_h 24.4 24.3 24.6
10 kwh_h 0.074 0.328 0.001 0.001 0.325 0.079 0.000 0.000 tem_h 24.7 24.5 25.0
11 kwh_h 0.065 0.370 0.001 0.001 0.368 0.070 0.000 0.000 tem_h 25.1 24.9 25.3
12 kwh_h 0.055 0.375 0.001 0.001 0.373 0.059 0.000 0.000 tem_h 25.4 25.1 25.7
13 kwh_h 0.071 0.198 0.001 0.001 0.197 0.076 0.000 0.000 tem_h 25.8 25.6 26.0
14 kwh_h 0.664 0.814 1.243 0.001 0.205 0.085 0.000 0.000 tem_h 26.4 25.9 26.7
15 kwh_h 0.287 0.597 0.448 0.001 0.372 0.080 0.000 0.000 tem_h 26.9 26.6 27.0
16 kwh_h 0.071 0.382 0.001 0.001 0.380 0.076 0.000 0.000 tem_h 26.9 26.8 27.1
17 kwh_h 0.052 0.367 0.001 0.001 0.365 0.057 0.000 0.000 tem_h 26.9 26.8 26.9
18 kwh_h 0.237 0.648 0.440 0.001 0.429 0.029 0.000 0.000 tem_h 26.8 26.3 26.9
19 kwh_h 0.021 0.585 0.001 0.001 0.581 0.025 0.000 0.000 tem_h 26.4 25.6 26.6
20 kwh_h 0.022 0.426 0.001 0.001 0.423 0.026 0.000 0.000 tem_h 26.6 26.4 26.7
21 kwh_h 0.043 0.400 0.043 0.001 0.376 0.027 0.000 0.000 tem_h 26.4 26.4 26.6
22 kwh_h 0.260 0.537 0.491 0.001 0.305 0.027 0.000 0.000 tem_h 26.5 26.4 26.6
23 kwh_h 0.013 0.408 0.001 0.001 0.405 0.018 0.000 0.000 tem_h 26.4 26.2 26.6
