0 kwh_h 0.043 0.152 0.001 0.001 0.151 0.048 0.000 0.000 tem_h 19.9 19.8 20.1
1 kwh_h 0.039 0.259 0.001 0.001 0.257 0.044 0.000 0.000 tem_h 19.8 19.6 19.9
2 kwh_h 0.039 0.207 0.001 0.001 0.206 0.044 0.000 0.000 tem_h 19.6 19.5 19.8
3 kwh_h 0.040 0.170 0.001 0.001 0.169 0.045 0.000 0.000 tem_h 19.5 19.4 19.7
4 kwh_h 0.042 0.143 0.001 0.001 0.143 0.047 0.000 0.000 tem_h 19.3 19.2 19.5
5 kwh_h 0.041 0.147 0.001 0.001 0.147 0.046 0.000 0.000 tem_h 19.2 18.9 19.3
6 kwh_h 0.045 0.180 0.001 0.002 0.179 0.050 0.000 0.000 tem_h 19.0 18.8 19.1
7 kwh_h 0.124 0.256 0.001 0.087 0.215 0.090 0.000 0.000 tem_h 18.9 18.7 19.0
8 kwh_h 0.100 0.314 0.001 0.001 0.312 0.108 0.000 0.000 tem_h 18.9 18.8 19.0
9 kwh_h 0.097 0.192 0.001 0.001 0.190 0.104 0.000 0.000 tem_h 18.8 18.7 18.9
10 kwh_h 0.099 0.224 0.001 0.001 0.222 0.107 0.000 0.000 tem_h 18.9 18.7 18.9
11 kwh_h 0.093 0.292 0.001 0.008 0.287 0.097 0.000 0.000 tem_h 19.0 18.8 19.2
12 kwh_h 0.112 0.320 0.001 0.070 0.288 0.087 0.000 0.000 tem_h 19.2 19.1 19.3
13 kwh_h 0.100 0.299 0.001 0.018 0.292 0.101 0.000 0.000 tem_h 19.3 19.2 19.4
14 kwh_h 0.096 0.272 0.001 0.001 0.270 0.103 0.000 0.000 tem_h 19.2 19.0 19.3
15 kwh_h 0.626 0.469 1.073 0.001 0.330 0.110 0.000 0.000 tem_h 19.0 18.9 19.1
16 kwh_h 0.098 0.307 0.001 0.004 0.303 0.104 0.000 0.000 tem_h 19.0 18.8 19.2
17 kwh_h 0.383 0.647 0.568 0.015 0.361 0.107 0.000 0.000 tem_h 18.9 18.8 19.1
18 kwh_h 0.377 0.627 0.579 0.071 0.303 0.069 0.000 0.000 tem_h 18.7 18.6 18.9
19 kwh_h 0.848 1.082 1.295 0.327 0.468 0.068 0.000 0.000 tem_h 18.6 18.4 18.8
20 kwh_h 0.070 0.438 0.001 0.031 0.420 0.063 0.000 0.000 tem_h 18.6 18.5 18.8
21 kwh_h 0.307 0.681 0.001 0.515 0.426 0.075 0.000 0.000 tem_h 18.5 18.3 18.7
22 kwh_h 0.110 0.269 0.001 0.032 0.252 0.103 0.000 0.000 tem_h 18.4 18.3 18.6
23 kwh_h 0.081 0.278 0.001 0.009 0.272 0.084 0.000 0.000 tem_h 18.2 18.1 18.4
