0 kwh_h 0.077 0.264 0.001 0.004 0.261 0.082 0.000 0.000 tem_h 18.1 17.9 18.2
1 kwh_h 0.051 0.226 0.001 0.001 0.225 0.056 0.000 0.000 tem_h 18.0 17.9 18.1
2 kwh_h 0.050 0.154 0.001 0.001 0.153 0.055 0.000 0.000 tem_h 17.9 17.8 18.0
3 kwh_h 0.048 0.116 0.001 0.001 0.116 0.053 0.000 0.000 tem_h 17.9 17.8 18.0
4 kwh_h 0.052 0.148 0.001 0.001 0.147 0.057 0.000 0.000 tem_h 17.8 17.7 17.9
5 kwh_h 0.050 0.130 0.001 0.001 0.129 0.056 0.000 0.000 tem_h 17.7 17.6 17.8
6 kwh_h 0.054 0.150 0.001 0.002 0.149 0.059 0.000 0.000 tem_h 17.7 17.6 17.8
7 kwh_h 0.115 0.192 0.001 0.067 0.162 0.092 0.000 0.000 tem_h 17.9 17.6 18.3
8 kwh_h 0.085 0.169 0.001 0.001 0.166 0.091 0.000 0.000 tem_h 18.0 17.9 18.1
9 kwh_h 0.082 0.320 0.001 0.008 0.315 0.085 0.000 0.000 tem_h 18.1 18.0 18.3
10 kwh_h 0.081 0.251 0.001 0.005 0.246 0.085 0.000 0.000 tem_h 18.3 18.1 18.5
11 kwh_h 0.090 0.303 0.001 0.016 0.293 0.089 0.000 0.000 tem_h 18.5 18.3 18.6
12 kwh_h 1.046 0.954 1.956 0.010 0.348 0.095 0.000 0.000 tem_h 18.6 18.4 18.9
13 kwh_h 0.342 0.542 0.001 0.532 0.273 0.097 0.000 0.000 tem_h 19.2 18.8 19.4
14 kwh_h 0.181 0.343 0.001 0.199 0.241 0.092 0.000 0.000 tem_h 19.5 19.4 19.6
15 kwh_h 0.397 0.411 0.632 0.001 0.341 0.096 0.000 0.000 tem_h 19.6 19.4 19.6
16 kwh_h 1.009 0.388 1.879 0.004 0.314 0.100 0.000 0.000 tem_h 19.8 19.5 20.1
17 kwh_h 0.087 0.232 0.001 0.034 0.213 0.077 0.000 0.000 tem_h 20.0 19.9 20.1
18 kwh_h 0.389 0.823 0.619 0.103 0.470 0.048 0.000 0.000 tem_h 19.9 19.9 20.0
19 kwh_h 0.045 0.308 0.001 0.014 0.299 0.044 0.000 0.000 tem_h 20.0 19.9 20.1
20 kwh_h 0.196 0.565 0.001 0.341 0.417 0.043 0.000 0.000 tem_h 19.9 19.8 20.0
21 kwh_h 0.043 0.269 0.001 0.010 0.262 0.044 0.000 0.000 tem_h 19.9 19.8 19.9
22 kwh_h 0.041 0.277 0.001 0.003 0.275 0.045 0.000 0.000 tem_h 19.8 19.7 19.9
23 kwh_h 0.035 0.236 0.001 0.001 0.234 0.040 0.000 0.000 tem_h 19.7 19.6 19.8
