0 kwh_h 0.014 0.214 0.001 0.001 0.212 0.019 0.000 0.000 tem_h 25.2 25.1 25.3
1 kwh_h 0.128 0.280 0.216 0.001 0.170 0.023 0.000 0.000 tem_h 25.1 24.9 25.2
2 kwh_h 0.013 0.162 0.001 0.001 0.161 0.018 0.000 0.000 tem_h 24.9 24.8 25.0
3 kwh_h 0.011 0.129 0.001 0.001 0.128 0.016 0.000 0.000 tem_h 24.7 24.5 24.9
4 kwh_h 0.012 0.251 0.001 0.001 0.250 0.016 0.000 0.000 tem_h 24.5 24.3 24.6
5 kwh_h 0.011 0.200 0.001 0.001 0.199 0.016 0.000 0.000 tem_h 24.3 24.1 24.4
6 kwh_h 0.011 0.142 0.001 0.001 0.141 0.016 0.000 0.000 tem_h 24.6 24.1 25.2
7 kwh_h 0.020 0.198 0.001 0.001 0.195 0.025 0.000 0.000 tem_h 25.3 25.1 25.5
8 kwh_h 0.024 0.278 0.001 0.001 0.276 0.027 0.000 0.000 tem_h 25.1 25.0 25.3
9 kwh_h 0.021 0.239 0.001 0.002 0.237 0.024 0.000 0.000 tem_h 25.2 25.1 25.4
10 kwh_h 0.020 0.193 0.001 0.002 0.191 0.024 0.000 0.000 tem_h 25.5 25.3 25.8
11 kwh_h 0.046 0.331 0.001 0.054 0.301 0.024 0.000 0.000 tem_h 25.9 25.7 26.1
12 kwh_h 0.020 0.304 0.001 0.001 0.301 0.024 0.000 0.000 tem_h 26.4 26.0 27.2
13 kwh_h 0.031 0.219 0.001 0.014 0.211 0.029 0.000 0.000 tem_h 26.5 26.4 26.7
14 kwh_h 0.026 0.227 0.001 0.005 0.223 0.027 0.000 0.000 tem_h 26.8 26.6 26.9
15 kwh_h 0.020 0.226 0.001 0.001 0.224 0.024 0.000 0.000 tem_h 27.1 26.9 27.2
16 kwh_h 0.020 0.243 0.001 0.001 0.241 0.024 0.000 0.000 tem_h 27.3 27.1 27.5
17 kwh_h 0.168 0.459 0.275 0.029 0.313 0.027 0.000 0.000 tem_h 27.5 27.3 27.6
18 kwh_h 0.714 1.056 1.409 0.001 0.352 0.033 0.000 0.000 tem_h 27.8 27.0 28.3
19 kwh_h 0.021 0.223 0.001 0.004 0.220 0.024 0.000 0.000 tem_h 28.2 28.1 28.4
20 kwh_h 0.019 0.185 0.000 0.001 0.183 0.024 0.000 0.000 tem_h 28.3 28.1 28.4
21 kwh_h 0.020 0.187 0.000 0.001 0.186 0.024 0.000 0.000 tem_h 28.2 28.1 28.3
22 kwh_h 0.020 0.190 0.000 0.002 0.188 0.024 0.000 0.000 tem_h 28.0 27.3 28.3
23 kwh_h 0.033 0.333 0.038 0.003 0.312 0.018 0.000 0.000 tem_h 27.0 26.4 27.6
