0 kwh_h 0.045 0.223 0.001 0.017 0.214 0.043 0.000 0.000 tem_h 19.6 19.5 19.7
1 kwh_h 0.043 0.166 0.001 0.001 0.165 0.047 0.000 0.000 tem_h 19.6 19.4 19.6
2 kwh_h 0.033 0.132 0.001 0.001 0.131 0.038 0.000 0.000 tem_h 19.5 19.4 19.6
3 kwh_h 0.033 0.135 0.001 0.001 0.134 0.038 0.000 0.000 tem_h 19.4 19.3 19.5
4 kwh_h 0.036 0.145 0.001 0.001 0.144 0.041 0.000 0.000 tem_h 19.2 19.0 19.3
5 kwh_h 0.038 0.194 0.001 0.001 0.193 0.043 0.000 0.000 tem_h 19.0 18.9 19.1
6 kwh_h 0.039 0.246 0.001 0.004 0.243 0.043 0.000 0.000 tem_h 19.1 18.9 19.9
7 kwh_h 0.173 0.301 0.001 0.237 0.186 0.070 0.000 0.000 tem_h 19.8 19.6 20.1
8 kwh_h 0.077 0.159 0.001 0.001 0.158 0.082 0.000 0.000 tem_h 19.8 19.6 19.9
9 kwh_h 0.352 0.471 0.547 0.001 0.184 0.092 0.000 0.000 tem_h 19.9 19.8 20.1
10 kwh_h 0.449 0.657 0.727 0.006 0.290 0.097 0.000 0.000 tem_h 20.3 20.0 20.7
11 kwh_h 0.083 0.371 0.001 0.015 0.361 0.082 0.000 0.000 tem_h 20.8 20.6 20.9
12 kwh_h 1.080 0.734 1.928 0.134 0.266 0.085 0.000 0.000 tem_h 21.2 20.8 21.4
13 kwh_h 0.089 0.256 0.001 0.024 0.245 0.085 0.000 0.000 tem_h 21.6 21.3 21.8
14 kwh_h 0.083 0.270 0.001 0.001 0.268 0.089 0.000 0.000 tem_h 21.7 21.6 21.9
15 kwh_h 0.079 0.240 0.001 0.001 0.237 0.085 0.000 0.000 tem_h 21.5 21.4 21.6
16 kwh_h 0.125 0.305 0.001 0.095 0.259 0.088 0.000 0.000 tem_h 21.5 21.4 21.6
17 kwh_h 0.074 0.223 0.001 0.012 0.217 0.073 0.000 0.000 tem_h 21.5 21.4 21.6
18 kwh_h 0.376 0.648 0.462 0.259 0.303 0.038 0.000 0.000 tem_h 21.6 21.4 21.6
19 kwh_h 0.391 0.931 0.506 0.257 0.578 0.037 0.000 0.000 tem_h 21.7 21.5 21.8
20 kwh_h 0.197 0.537 0.001 0.359 0.368 0.032 0.000 0.000 tem_h 21.6 21.4 21.8
21 kwh_h 0.127 0.426 0.001 0.205 0.331 0.035 0.000 0.000 tem_h 21.5 21.4 21.6
22 kwh_h 0.141 0.533 0.001 0.238 0.427 0.035 0.000 0.000 tem_h 21.4 21.2 21.5
23 kwh_h 0.026 0.302 0.001 0.004 0.300 0.030 0.000 0.000 tem_h 21.2 21.1 21.4
