0 kwh_h 0.018 0.208 0.001 0.001 0.207 0.023 0.000 0.000 tem_h 25.8 25.6 25.9
1 kwh_h 0.017 0.184 0.001 0.001 0.183 0.021 0.000 0.000 tem_h 25.6 25.4 25.8
2 kwh_h 0.014 0.144 0.001 0.001 0.143 0.018 0.000 0.000 tem_h 25.4 25.3 25.6
3 kwh_h 0.015 0.139 0.001 0.001 0.138 0.019 0.000 0.000 tem_h 25.3 25.1 25.4
4 kwh_h 0.012 0.172 0.001 0.001 0.171 0.017 0.000 0.000 tem_h 25.1 25.0 25.3
5 kwh_h 0.012 0.147 0.001 0.001 0.147 0.016 0.000 0.000 tem_h 25.0 24.9 25.1
6 kwh_h 0.013 0.148 0.001 0.001 0.147 0.017 0.000 0.000 tem_h 24.8 24.7 25.0
7 kwh_h 0.051 0.282 0.001 0.001 0.280 0.056 0.000 0.000 tem_h 24.8 24.7 24.9
8 kwh_h 0.069 0.313 0.001 0.001 0.311 0.074 0.000 0.000 tem_h 24.8 24.7 24.9
9 kwh_h 0.068 0.244 0.001 0.001 0.242 0.074 0.000 0.000 tem_h 24.9 24.8 25.0
10 kwh_h 0.069 0.524 0.001 0.001 0.515 0.074 0.000 0.000 tem_h 24.9 24.9 25.0
11 kwh_h 0.070 0.362 0.001 0.001 0.359 0.075 0.000 0.000 tem_h 25.0 24.9 25.1
12 kwh_h 0.068 0.358 0.001 0.001 0.297 0.073 0.000 0.000 tem_h 25.1 24.9 25.3
13 kwh_h 0.081 0.282 0.001 0.024 0.269 0.076 0.000 0.000 tem_h 25.3 25.1 25.3
14 kwh_h 0.526 0.657 0.852 0.403 0.205 0.078 0.000 0.000 tem_h 25.3 25.0 25.4
15 kwh_h 0.071 0.243 0.001 0.004 0.240 0.075 0.000 0.000 tem_h 25.3 25.1 25.4
16 kwh_h 0.070 0.290 0.001 0.001 0.288 0.075 0.000 0.000 tem_h 25.1 25.1 25.3
17 kwh_h 0.053 0.284 0.001 0.003 0.280 0.056 0.000 0.000 tem_h 25.0 24.9 25.2
18 kwh_h 0.829 1.412 1.665 0.029 0.699 0.034 0.000 0.000 tem_h 24.9 24.8 25.1
19 kwh_h 0.038 0.444 0.001 0.036 0.424 0.025 0.000 0.000 tem_h 25.0 24.9 25.1
20 kwh_h 0.021 0.435 0.001 0.001 0.430 0.025 0.000 0.000 tem_h 24.9 24.8 25.1
21 kwh_h 0.097 0.488 0.001 0.163 0.417 0.025 0.000 0.000 tem_h 24.7 24.6 24.8
22 kwh_h 0.707 0.952 1.355 0.001 0.270 0.055 0.000 0.000 tem_h 24.6 24.5 24.7
23 kwh_h 0.051 0.230 0.001 0.001 0.229 0.055 0.000 0.000 tem_h 24.6 24.4 24.7
