0 kwh_h 0.024 0.152 0.001 0.001 0.151 0.028 0.000 0.000 tem_h 22.6 22.5 22.8
1 kwh_h 0.023 0.162 0.001 0.001 0.161 0.027 0.000 0.000 tem_h 22.5 22.3 22.6
2 kwh_h 0.019 0.137 0.001 0.001 0.136 0.023 0.000 0.000 tem_h 22.3 22.1 22.4
3 kwh_h 0.019 0.132 0.001 0.001 0.131 0.023 0.000 0.000 tem_h 22.1 21.9 22.2
4 kwh_h 0.019 0.147 0.001 0.001 0.147 0.023 0.000 0.000 tem_h 21.9 21.7 22.1
5 kwh_h 0.023 0.135 0.001 0.001 0.134 0.028 0.000 0.000 tem_h 21.7 21.5 21.9
6 kwh_h 0.018 0.124 0.001 0.001 0.123 0.023 0.000 0.000 tem_h 21.9 21.5 22.5
7 kwh_h 0.027 0.179 0.001 0.001 0.178 0.032 0.000 0.000 tem_h 22.6 22.4 22.8
8 kwh_h 0.029 0.385 0.001 0.010 0.379 0.028 0.000 0.000 tem_h 22.4 22.3 22.6
9 kwh_h 0.028 0.232 0.001 0.001 0.231 0.032 0.000 0.000 tem_h 22.6 22.4 22.9
10 kwh_h 0.039 0.210 0.001 0.028 0.197 0.032 0.000 0.000 tem_h 22.8 22.6 22.9
11 kwh_h 0.043 0.413 0.001 0.040 0.384 0.028 0.000 0.000 tem_h 23.3 22.9 23.5
12 kwh_h 0.068 0.321 0.001 0.095 0.278 0.029 0.000 0.000 tem_h 23.8 23.4 24.3
13 kwh_h 0.018 0.465 0.001 0.001 0.461 0.021 0.000 0.000 tem_h 24.2 23.9 24.5
14 kwh_h 0.105 0.331 0.001 0.001 0.323 0.113 0.000 0.000 tem_h 24.4 24.2 25.0
15 kwh_h 0.021 0.254 0.001 0.001 0.253 0.025 0.000 0.000 tem_h 24.7 24.5 24.8
16 kwh_h 0.328 0.607 0.620 0.001 0.298 0.033 0.000 0.000 tem_h 25.2 24.8 25.8
17 kwh_h 0.020 0.314 0.001 0.001 0.312 0.025 0.000 0.000 tem_h 25.6 25.4 25.8
18 kwh_h 0.345 0.605 0.598 0.061 0.289 0.033 0.000 0.000 tem_h 25.5 25.4 25.6
19 kwh_h 0.021 0.318 0.001 0.001 0.316 0.025 0.000 0.000 tem_h 25.6 25.4 25.6
20 kwh_h 0.173 0.392 0.310 0.001 0.247 0.027 0.000 0.000 tem_h 25.6 25.5 25.7
21 kwh_h 0.022 0.266 0.001 0.001 0.264 0.026 0.000 0.000 tem_h 25.5 25.4 25.6
22 kwh_h 0.021 0.205 0.001 0.001 0.204 0.025 0.000 0.000 tem_h 25.4 25.3 25.5
23 kwh_h 0.012 0.233 0.001 0.001 0.231 0.016 0.000 0.000 tem_h 25.3 25.2 25.4
