0 kwh_h 0.041 0.181 0.001 0.019 0.171 0.037 0.000 0.000 tem_h 21.0 20.9 21.2
1 kwh_h 0.030 0.162 0.001 0.001 0.161 0.035 0.000 0.000 tem_h 20.8 20.7 20.9
2 kwh_h 0.026 0.147 0.001 0.001 0.146 0.030 0.000 0.000 tem_h 20.6 20.4 20.8
3 kwh_h 0.025 0.194 0.001 0.001 0.193 0.030 0.000 0.000 tem_h 20.4 20.2 20.6
4 kwh_h 0.024 0.252 0.001 0.001 0.251 0.029 0.000 0.000 tem_h 20.2 20.1 20.3
5 kwh_h 0.025 0.135 0.001 0.001 0.134 0.030 0.000 0.000 tem_h 20.0 19.8 20.2
6 kwh_h 0.027 0.173 0.001 0.003 0.171 0.031 0.000 0.000 tem_h 20.3 19.8 21.0
7 kwh_h 0.130 0.232 0.001 0.150 0.162 0.066 0.000 0.000 tem_h 21.1 20.9 21.3
8 kwh_h 0.083 0.178 0.001 0.001 0.177 0.089 0.000 0.000 tem_h 20.9 20.0 21.1
9 kwh_h 0.810 0.466 1.477 0.001 0.225 0.093 0.000 0.000 tem_h 21.1 20.9 21.4
10 kwh_h 0.080 0.203 0.001 0.001 0.202 0.086 0.000 0.000 tem_h 21.5 21.3 21.7
11 kwh_h 0.082 0.431 0.001 0.027 0.416 0.074 0.000 0.000 tem_h 21.8 21.6 21.9
12 kwh_h 0.741 0.899 1.168 0.225 0.204 0.084 0.000 0.000 tem_h 22.1 21.9 22.3
13 kwh_h 0.365 0.616 0.568 0.022 0.316 0.091 0.000 0.000 tem_h 22.6 22.2 22.9
14 kwh_h 0.076 0.222 0.001 0.001 0.221 0.082 0.000 0.000 tem_h 22.9 22.8 23.1
15 kwh_h 0.073 0.197 0.001 0.001 0.195 0.078 0.000 0.000 tem_h 23.1 22.9 23.1
16 kwh_h 0.586 0.888 1.048 0.001 0.356 0.087 0.000 0.000 tem_h 23.4 23.1 23.8
17 kwh_h 0.160 0.509 0.145 0.084 0.395 0.058 0.000 0.000 tem_h 23.4 23.2 23.5
18 kwh_h 0.362 0.945 0.503 0.186 0.636 0.036 0.000 0.000 tem_h 23.3 23.2 23.4
19 kwh_h 0.136 0.400 0.001 0.227 0.297 0.031 0.000 0.000 tem_h 23.3 23.1 23.4
20 kwh_h 0.028 0.245 0.001 0.004 0.242 0.031 0.000 0.000 tem_h 23.1 22.9 23.3
21 kwh_h 0.029 0.206 0.001 0.005 0.203 0.032 0.000 0.000 tem_h 23.0 22.9 23.1
22 kwh_h 0.023 0.250 0.001 0.001 0.248 0.028 0.000 0.000 tem_h 22.9 22.8 23.0
23 kwh_h 0.019 0.257 0.001 0.009 0.252 0.021 0.000 0.000 tem_h 22.8 22.6 22.9
