0 kwh_h 0.012 0.224 0.001 0.001 0.222 0.017 0.000 0.000 tem_h 25.4 25.3 25.6
1 kwh_h 0.019 0.196 0.001 0.001 0.195 0.023 0.000 0.000 tem_h 25.2 25.1 25.4
2 kwh_h 0.011 0.257 0.001 0.001 0.256 0.016 0.000 0.000 tem_h 25.0 24.9 25.1
3 kwh_h 0.011 0.200 0.001 0.001 0.199 0.016 0.000 0.000 tem_h 24.8 24.7 24.9
4 kwh_h 0.014 0.188 0.001 0.001 0.187 0.019 0.000 0.000 tem_h 24.6 24.5 24.8
5 kwh_h 0.011 0.140 0.001 0.001 0.140 0.016 0.000 0.000 tem_h 24.5 24.4 24.6
6 kwh_h 0.067 0.281 0.001 0.115 0.226 0.019 0.000 0.000 tem_h 24.4 24.2 24.5
7 kwh_h 0.068 0.206 0.001 0.004 0.203 0.073 0.000 0.000 tem_h 24.4 24.2 24.6
8 kwh_h 0.070 0.234 0.001 0.001 0.232 0.076 0.000 0.000 tem_h 24.4 24.1 24.6
9 kwh_h 0.072 0.288 0.001 0.005 0.283 0.076 0.000 0.000 tem_h 24.2 23.9 24.3
10 kwh_h 0.068 0.232 0.001 0.001 0.231 0.074 0.000 0.000 tem_h 24.2 24.1 24.3
11 kwh_h 0.380 0.655 0.628 0.030 0.381 0.077 0.000 0.000 tem_h 24.2 24.1 24.3
12 kwh_h 0.452 0.665 0.802 0.001 0.243 0.072 0.000 0.000 tem_h 24.3 24.1 24.4
13 kwh_h 0.068 0.299 0.001 0.001 0.297 0.074 0.000 0.000 tem_h 24.3 24.1 24.4
14 kwh_h 0.068 0.350 0.001 0.001 0.348 0.073 0.000 0.000 tem_h 24.1 24.0 24.3
15 kwh_h 0.246 0.540 0.374 0.001 0.344 0.074 0.000 0.000 tem_h 24.1 24.0 24.2
16 kwh_h 0.875 1.201 1.700 0.001 0.366 0.083 0.000 0.000 tem_h 24.1 23.9 24.2
17 kwh_h 0.052 0.287 0.001 0.001 0.284 0.057 0.000 0.000 tem_h 24.0 23.9 24.2
18 kwh_h 0.368 0.676 0.695 0.001 0.339 0.040 0.000 0.000 tem_h 23.9 23.8 24.0
19 kwh_h 0.066 0.410 0.001 0.101 0.358 0.024 0.000 0.000 tem_h 23.8 23.7 23.9
20 kwh_h 0.128 0.533 0.001 0.235 0.429 0.025 0.000 0.000 tem_h 23.6 23.4 23.8
21 kwh_h 0.416 0.772 0.698 0.282 0.460 0.029 0.000 0.000 tem_h 23.5 23.4 23.6
22 kwh_h 0.023 0.375 0.001 0.001 0.372 0.028 0.000 0.000 tem_h 23.4 23.2 23.6
23 kwh_h 0.056 0.373 0.001 0.003 0.369 0.060 0.000 0.000 tem_h 23.1 22.9 23.3
