0 kwh_h 0.016 0.304 0.000 0.001 0.302 0.020 0.000 0.000 tem_h 24.0 23.8 24.1
1 kwh_h 0.013 0.256 0.000 0.001 0.255 0.018 0.000 0.000 tem_h 23.8 23.6 23.9
2 kwh_h 0.011 0.169 0.000 0.001 0.169 0.016 0.000 0.000 tem_h 23.6 23.4 23.8
3 kwh_h 0.011 0.163 0.000 0.001 0.162 0.016 0.000 0.000 tem_h 23.4 23.3 23.5
4 kwh_h 0.012 0.154 0.001 0.001 0.153 0.017 0.000 0.000 tem_h 23.3 23.1 23.4
5 kwh_h 0.012 0.180 0.000 0.001 0.179 0.016 0.000 0.000 tem_h 23.2 23.1 23.3
6 kwh_h 0.014 0.196 0.001 0.004 0.194 0.017 0.000 0.000 tem_h 23.1 23.0 23.2
7 kwh_h 0.078 0.204 0.001 0.058 0.177 0.057 0.000 0.000 tem_h 23.1 23.0 23.2
8 kwh_h 0.071 0.176 0.001 0.001 0.175 0.077 0.000 0.000 tem_h 23.2 23.1 23.3
9 kwh_h 0.070 0.217 0.001 0.001 0.215 0.076 0.000 0.000 tem_h 23.3 23.2 23.4
10 kwh_h 0.070 0.470 0.001 0.001 0.452 0.076 0.000 0.000 tem_h 23.6 23.3 23.8
11 kwh_h 0.069 0.354 0.001 0.011 0.348 0.071 0.000 0.000 tem_h 23.8 23.7 23.9
12 kwh_h 0.094 0.342 0.001 0.097 0.298 0.056 0.000 0.000 tem_h 24.0 23.9 24.2
13 kwh_h 0.363 0.596 0.600 0.003 0.292 0.080 0.000 0.000 tem_h 24.2 24.1 24.3
14 kwh_h 0.071 0.365 0.001 0.001 0.363 0.076 0.000 0.000 tem_h 24.3 24.2 24.4
15 kwh_h 0.070 0.259 0.000 0.001 0.258 0.076 0.000 0.000 tem_h 24.3 24.2 24.4
16 kwh_h 0.071 0.316 0.000 0.004 0.311 0.076 0.000 0.000 tem_h 24.3 24.2 24.4
17 kwh_h 0.069 0.252 0.000 0.001 0.250 0.075 0.000 0.000 tem_h 24.3 24.1 24.4
18 kwh_h 0.469 0.733 0.772 0.157 0.294 0.032 0.000 0.000 tem_h 24.2 24.1 24.3
19 kwh_h 0.248 0.566 0.415 0.061 0.328 0.023 0.000 0.000 tem_h 24.2 24.1 24.3
20 kwh_h 0.022 0.560 0.001 0.004 0.550 0.022 0.000 0.000 tem_h 24.1 23.9 24.3
21 kwh_h 0.319 0.727 0.611 0.001 0.413 0.028 0.000 0.000 tem_h 23.9 23.8 24.1
22 kwh_h 0.023 0.389 0.001 0.001 0.386 0.026 0.000 0.000 tem_h 23.8 23.6 23.9
23 kwh_h 0.014 0.291 0.000 0.001 0.287 0.016 0.000 0.000 tem_h 23.7 23.5 23.9
