0 kwh_h 0.020 0.195 0.000 0.001 0.194 0.024 0.000 0.000 tem_h 21.7 21.6 21.9
1 kwh_h 0.014 0.194 0.001 0.001 0.193 0.019 0.000 0.000 tem_h 21.6 21.4 21.7
2 kwh_h 0.014 0.182 0.001 0.001 0.181 0.019 0.000 0.000 tem_h 21.4 21.3 21.6
3 kwh_h 0.016 0.282 0.001 0.001 0.280 0.021 0.000 0.000 tem_h 21.3 21.2 21.4
4 kwh_h 0.016 0.162 0.001 0.001 0.160 0.021 0.000 0.000 tem_h 21.3 21.1 21.4
5 kwh_h 0.020 0.174 0.001 0.010 0.169 0.021 0.000 0.000 tem_h 21.1 21.1 21.3
6 kwh_h 0.098 0.270 0.001 0.181 0.185 0.020 0.000 0.000 tem_h 21.1 21.0 21.2
7 kwh_h 0.066 0.204 0.001 0.015 0.197 0.066 0.000 0.000 tem_h 21.2 21.1 21.3
8 kwh_h 0.074 0.256 0.001 0.001 0.253 0.080 0.000 0.000 tem_h 21.3 21.2 21.4
9 kwh_h 0.076 0.248 0.001 0.009 0.243 0.079 0.000 0.000 tem_h 21.5 21.4 21.8
10 kwh_h 1.218 1.420 2.353 0.001 0.227 0.088 0.000 0.000 tem_h 21.9 21.6 22.3
11 kwh_h 0.532 0.778 0.940 0.004 0.292 0.081 0.000 0.000 tem_h 22.5 22.3 22.8
12 kwh_h 0.075 0.300 0.001 0.012 0.292 0.076 0.000 0.000 tem_h 22.9 22.6 23.1
13 kwh_h 0.149 0.346 0.001 0.179 0.269 0.078 0.000 0.000 tem_h 23.2 23.0 23.4
14 kwh_h 0.070 0.263 0.001 0.001 0.262 0.076 0.000 0.000 tem_h 23.3 23.2 23.4
15 kwh_h 0.071 0.365 0.001 0.003 0.361 0.076 0.000 0.000 tem_h 23.2 23.1 23.3
16 kwh_h 0.069 0.417 0.001 0.001 0.414 0.075 0.000 0.000 tem_h 23.2 23.0 23.3
17 kwh_h 0.070 0.303 0.000 0.001 0.300 0.076 0.000 0.000 tem_h 23.3 23.2 23.4
18 kwh_h 0.073 0.479 0.000 0.103 0.433 0.029 0.000 0.000 tem_h 23.3 23.3 23.4
19 kwh_h 0.105 0.405 0.001 0.167 0.328 0.034 0.000 0.000 tem_h 23.4 23.3 23.4
20 kwh_h 0.594 0.990 1.161 0.032 0.395 0.031 0.000 0.000 tem_h 23.3 23.3 23.5
21 kwh_h 0.092 0.477 0.001 0.156 0.479 0.025 0.000 0.000 tem_h 23.4 23.3 23.5
22 kwh_h 0.290 0.699 0.547 0.004 0.414 0.029 0.000 0.000 tem_h 23.4 23.3 23.5
23 kwh_h 0.021 0.379 0.000 0.016 0.369 0.018 0.000 0.000 tem_h 23.4 23.3 23.4
