0 kwh_h 0.022 0.223 0.000 0.002 0.221 0.026 0.000 0.000 tem_h 25.4 25.2 25.5
1 kwh_h 0.019 0.220 0.000 0.001 0.219 0.023 0.000 0.000 tem_h 25.3 25.2 25.4
2 kwh_h 0.011 0.262 0.000 0.001 0.261 0.016 0.000 0.000 tem_h 25.2 25.0 25.3
3 kwh_h 0.011 0.160 0.000 0.001 0.159 0.016 0.000 0.000 tem_h 25.0 24.9 25.1
4 kwh_h 0.013 0.153 0.000 0.001 0.152 0.018 0.000 0.000 tem_h 24.9 24.8 25.0
5 kwh_h 0.012 0.171 0.000 0.001 0.169 0.016 0.000 0.000 tem_h 24.7 24.6 24.8
6 kwh_h 0.012 0.185 0.000 0.002 0.184 0.017 0.000 0.000 tem_h 24.6 24.4 24.7
7 kwh_h 0.068 0.276 0.000 0.038 0.260 0.057 0.000 0.000 tem_h 24.4 24.3 24.6
8 kwh_h 0.069 0.184 0.001 0.001 0.182 0.075 0.000 0.000 tem_h 24.3 24.1 24.4
9 kwh_h 0.067 0.219 0.000 0.001 0.217 0.072 0.000 0.000 tem_h 24.4 24.2 24.4
10 kwh_h 0.067 0.449 0.001 0.001 0.446 0.073 0.000 0.000 tem_h 24.4 24.2 24.5
11 kwh_h 0.066 0.314 0.001 0.002 0.312 0.071 0.000 0.000 tem_h 24.4 24.3 24.4
12 kwh_h 0.072 0.261 0.001 0.041 0.244 0.059 0.000 0.000 tem_h 24.3 24.3 24.4
13 kwh_h 0.066 0.234 0.001 0.001 0.232 0.072 0.000 0.000 tem_h 24.4 24.4 24.5
14 kwh_h 0.067 0.295 0.001 0.001 0.293 0.073 0.000 0.000 tem_h 24.4 24.3 24.5
15 kwh_h 0.066 0.532 0.001 0.001 0.529 0.072 0.000 0.000 tem_h 24.2 24.1 24.4
16 kwh_h 0.067 0.316 0.001 0.001 0.314 0.073 0.000 0.000 tem_h 24.1 23.9 24.3
17 kwh_h 1.480 1.804 2.938 0.006 0.299 0.089 0.000 0.000 tem_h 24.0 23.8 24.2
18 kwh_h 0.142 0.598 0.001 0.218 0.503 0.046 0.000 0.000 tem_h 24.1 23.8 24.3
19 kwh_h 0.343 0.696 0.544 0.130 0.375 0.026 0.000 0.000 tem_h 23.9 23.7 24.0
20 kwh_h 0.153 0.439 0.001 0.291 0.300 0.023 0.000 0.000 tem_h 23.6 23.3 23.8
21 kwh_h 0.019 0.268 0.001 0.001 0.265 0.024 0.000 0.000 tem_h 23.2 22.9 23.4
22 kwh_h 0.022 0.332 0.001 0.004 0.328 0.026 0.000 0.000 tem_h 22.9 22.7 23.1
23 kwh_h 0.033 0.578 0.001 0.049 0.548 0.015 0.000 0.000 tem_h 22.7 22.5 22.9
