0 kwh_h 0.053 0.285 0.001 0.001 0.282 0.057 0.000 0.000 tem_h 22.8 22.6 23.0
1 kwh_h 0.018 0.214 0.001 0.001 0.213 0.022 0.000 0.000 tem_h 22.6 22.4 22.8
2 kwh_h 0.012 0.168 0.001 0.001 0.166 0.017 0.000 0.000 tem_h 22.4 22.3 22.6
3 kwh_h 0.012 0.182 0.001 0.001 0.181 0.016 0.000 0.000 tem_h 22.2 22.1 22.4
4 kwh_h 0.014 0.172 0.001 0.001 0.170 0.018 0.000 0.000 tem_h 22.1 21.9 22.3
5 kwh_h 0.013 0.161 0.001 0.001 0.160 0.017 0.000 0.000 tem_h 21.9 21.8 22.1
6 kwh_h 0.012 0.185 0.001 0.001 0.184 0.016 0.000 0.000 tem_h 22.0 21.8 22.3
7 kwh_h 0.022 0.180 0.001 0.003 0.178 0.026 0.000 0.000 tem_h 22.1 21.9 22.3
8 kwh_h 0.021 0.215 0.001 0.004 0.212 0.024 0.000 0.000 tem_h 22.2 22.0 22.3
9 kwh_h 0.028 0.262 0.001 0.018 0.252 0.024 0.000 0.000 tem_h 22.3 22.0 22.3
10 kwh_h 0.027 0.437 0.001 0.010 0.405 0.027 0.000 0.000 tem_h 22.4 22.1 22.6
11 kwh_h 0.021 0.972 0.001 0.001 0.958 0.025 0.000 0.000 tem_h 22.5 22.3 22.7
12 kwh_h 0.021 0.410 0.001 0.001 0.407 0.025 0.000 0.000 tem_h 22.8 22.6 23.0
13 kwh_h 0.624 1.014 1.238 0.001 0.373 0.031 0.000 0.000 tem_h 23.0 22.8 23.2
14 kwh_h 0.022 0.345 0.001 0.004 0.341 0.025 0.000 0.000 tem_h 23.2 23.1 23.3
15 kwh_h 0.021 0.374 0.001 0.004 0.370 0.024 0.000 0.000 tem_h 23.3 23.1 23.4
16 kwh_h 0.020 0.398 0.001 0.001 0.396 0.025 0.000 0.000 tem_h 23.4 23.3 23.5
17 kwh_h 0.021 0.391 0.001 0.001 0.388 0.025 0.000 0.000 tem_h 23.2 22.9 23.5
18 kwh_h 0.021 0.300 0.001 0.001 0.297 0.025 0.000 0.000 tem_h 22.8 22.0 23.0
19 kwh_h 0.082 0.452 0.000 0.128 0.386 0.025 0.000 0.000 tem_h 22.6 22.3 22.8
20 kwh_h 0.088 0.391 0.092 0.050 0.322 0.026 0.000 0.000 tem_h 22.2 22.1 22.4
21 kwh_h 0.823 0.940 1.647 0.001 0.342 0.032 0.000 0.000 tem_h 22.3 22.1 22.4
22 kwh_h 0.020 0.346 0.001 0.001 0.343 0.025 0.000 0.000 tem_h 22.3 22.1 22.4
23 kwh_h 0.293 0.658 0.573 0.001 0.366 0.020 0.000 0.000 tem_h 22.1 21.9 22.3
