0 kwh_h 0.011 0.277 0.000 0.001 0.275 0.016 0.000 0.000 tem_h 25.1 25.0 25.3
1 kwh_h 0.028 0.209 0.000 0.008 0.205 0.030 0.000 0.000 tem_h 24.9 24.8 25.1
2 kwh_h 0.016 0.157 0.000 0.001 0.156 0.020 0.000 0.000 tem_h 24.8 24.6 24.9
3 kwh_h 0.012 0.166 0.000 0.001 0.165 0.017 0.000 0.000 tem_h 24.6 24.5 24.8
4 kwh_h 0.015 0.187 0.001 0.001 0.186 0.019 0.000 0.000 tem_h 24.6 24.4 24.6
5 kwh_h 0.012 0.145 0.000 0.001 0.144 0.017 0.000 0.000 tem_h 24.4 24.3 24.6
6 kwh_h 0.013 0.183 0.000 0.002 0.182 0.017 0.000 0.000 tem_h 24.4 24.3 24.5
7 kwh_h 0.052 0.262 0.001 0.008 0.255 0.054 0.000 0.000 tem_h 24.7 24.4 24.9
8 kwh_h 0.068 0.261 0.000 0.001 0.258 0.074 0.000 0.000 tem_h 24.8 24.6 24.9
9 kwh_h 0.069 0.212 0.000 0.001 0.211 0.075 0.000 0.000 tem_h 25.1 24.8 25.3
10 kwh_h 0.071 0.248 0.000 0.001 0.245 0.077 0.000 0.000 tem_h 25.4 25.1 25.6
11 kwh_h 0.071 0.384 0.001 0.001 0.381 0.077 0.000 0.000 tem_h 25.7 25.4 25.9
12 kwh_h 0.064 0.367 0.000 0.001 0.364 0.070 0.000 0.000 tem_h 26.1 25.8 26.3
13 kwh_h 0.064 0.310 0.000 0.001 0.308 0.070 0.000 0.000 tem_h 26.3 26.2 26.5
14 kwh_h 0.064 0.241 0.000 0.001 0.239 0.069 0.000 0.000 tem_h 26.5 26.4 26.6
15 kwh_h 0.175 0.353 0.228 0.001 0.237 0.075 0.000 0.000 tem_h 26.6 26.5 26.6
16 kwh_h 0.317 0.524 0.496 0.001 0.274 0.093 0.000 0.000 tem_h 26.5 26.3 26.6
17 kwh_h 0.051 0.320 0.000 0.001 0.317 0.056 0.000 0.000 tem_h 26.4 26.3 26.6
18 kwh_h 0.215 0.715 0.393 0.001 0.525 0.031 0.000 0.000 tem_h 26.4 26.4 26.6
19 kwh_h 0.020 0.450 0.000 0.001 0.447 0.024 0.000 0.000 tem_h 26.2 25.8 26.6
20 kwh_h 0.468 0.773 0.838 0.091 0.332 0.028 0.000 0.000 tem_h 25.9 25.5 26.3
21 kwh_h 0.036 0.365 0.001 0.037 0.347 0.025 0.000 0.000 tem_h 25.7 25.4 26.0
22 kwh_h 0.099 0.513 0.001 0.173 0.438 0.025 0.000 0.000 tem_h 25.5 25.3 25.8
23 kwh_h 0.014 0.280 0.000 0.001 0.278 0.018 0.000 0.000 tem_h 25.5 25.2 25.8
