0 kwh_h 0.026 0.230 0.000 0.013 0.223 0.025 0.000 0.000 tem_h 22.4 22.2 22.6
1 kwh_h 0.022 0.193 0.000 0.001 0.192 0.025 0.000 0.000 tem_h 22.2 21.9 22.4
2 kwh_h 0.013 0.181 0.001 0.001 0.180 0.017 0.000 0.000 tem_h 22.0 21.8 22.1
3 kwh_h 0.011 0.179 0.001 0.001 0.179 0.016 0.000 0.000 tem_h 21.8 2.0 21.9
4 kwh_h 0.011 0.153 0.000 0.001 0.152 0.015 0.000 0.000 tem_h 21.6 21.4 21.8
5 kwh_h 0.011 0.148 0.001 0.001 0.146 0.016 0.000 0.000 tem_h 21.4 21.3 21.6
6 kwh_h 0.012 0.162 0.000 0.001 0.160 0.016 0.000 0.000 tem_h 21.3 21.2 21.4
7 kwh_h 0.113 0.266 0.001 0.136 0.202 0.056 0.000 0.000 tem_h 21.3 21.1 21.3
8 kwh_h 0.074 0.308 0.001 0.001 0.306 0.080 0.000 0.000 tem_h 21.0 20.9 21.2
9 kwh_h 0.070 0.335 0.001 0.001 0.333 0.076 0.000 0.000 tem_h 21.1 20.9 21.1
10 kwh_h 0.070 0.232 0.001 0.001 0.230 0.076 0.000 0.000 tem_h 21.1 21.0 21.2
11 kwh_h 0.739 1.021 1.371 0.005 0.302 0.083 0.000 0.000 tem_h 21.2 21.1 21.3
12 kwh_h 0.082 0.405 0.001 0.025 0.390 0.077 0.000 0.000 tem_h 21.3 21.1 21.4
13 kwh_h 0.070 0.284 0.001 0.001 0.283 0.077 0.000 0.000 tem_h 21.1 20.9 21.2
14 kwh_h 0.071 0.258 0.001 0.004 0.254 0.075 0.000 0.000 tem_h 20.9 20.8 21.0
15 kwh_h 0.712 0.833 1.314 0.005 0.294 0.079 0.000 0.000 tem_h 20.9 20.7 21.0
16 kwh_h 0.208 0.445 0.001 0.310 0.297 0.076 0.000 0.000 tem_h 20.9 20.8 21.0
17 kwh_h 0.219 0.550 0.001 0.372 0.372 0.055 0.000 0.000 tem_h 20.7 20.4 21.0
18 kwh_h 0.921 1.280 1.307 0.574 0.334 0.036 0.000 0.000 tem_h 20.5 20.0 20.8
19 kwh_h 0.135 0.662 0.001 0.237 0.555 0.029 0.000 0.000 tem_h 20.7 20.6 20.8
20 kwh_h 0.025 0.339 0.001 0.002 0.336 0.029 0.000 0.000 tem_h 20.4 20.2 20.6
21 kwh_h 0.115 0.403 0.001 0.195 0.315 0.031 0.000 0.000 tem_h 20.2 19.9 20.3
22 kwh_h 0.029 0.409 0.001 0.003 0.405 0.033 0.000 0.000 tem_h 19.9 19.8 20.1
23 kwh_h 0.021 0.239 0.001 0.004 0.236 0.024 0.000 0.000 tem_h 19.8 19.7 19.9
