0 kwh_h 0.075 0.374 0.126 0.001 0.313 0.019 0.000 0.000 tem_h 28.1 27.8 28.3
1 kwh_h 0.088 0.303 0.153 0.001 0.226 0.019 0.000 0.000 tem_h 27.9 27.6 28.0
2 kwh_h 0.013 0.194 0.000 0.001 0.193 0.018 0.000 0.000 tem_h 27.7 27.6 27.8
3 kwh_h 0.013 0.215 0.001 0.001 0.214 0.018 0.000 0.000 tem_h 27.4 27.2 27.6
4 kwh_h 0.013 0.166 0.001 0.001 0.165 0.018 0.000 0.000 tem_h 27.3 27.1 27.4
5 kwh_h 0.013 0.193 0.001 0.001 0.193 0.018 0.000 0.000 tem_h 27.1 27.0 27.3
6 kwh_h 0.013 0.219 0.000 0.001 0.218 0.019 0.000 0.000 tem_h 26.9 26.9 27.1
7 kwh_h 0.065 0.194 0.001 0.001 0.193 0.072 0.000 0.000 tem_h 26.8 26.8 26.9
8 kwh_h 0.490 0.667 0.834 0.001 0.243 0.099 0.000 0.000 tem_h 26.7 26.5 26.8
9 kwh_h 0.087 0.239 0.001 0.001 0.237 0.094 0.000 0.000 tem_h 26.7 26.5 26.8
10 kwh_h 0.086 0.259 0.000 0.001 0.257 0.094 0.000 0.000 tem_h 26.9 26.6 27.1
11 kwh_h 0.077 0.393 0.001 0.001 0.390 0.084 0.000 0.000 tem_h 27.1 27.0 27.3
12 kwh_h 0.157 0.484 0.177 0.001 0.388 0.079 0.000 0.000 tem_h 27.3 27.1 27.6
13 kwh_h 0.464 0.757 0.820 0.001 0.365 0.099 0.000 0.000 tem_h 27.4 27.3 27.5
14 kwh_h 0.085 0.291 0.001 0.001 0.289 0.092 0.000 0.000 tem_h 27.3 27.1 27.5
15 kwh_h 0.085 0.423 0.000 0.001 0.419 0.092 0.000 0.000 tem_h 27.0 26.9 27.1
16 kwh_h 0.110 0.350 0.001 0.056 0.319 0.092 0.000 0.000 tem_h 26.8 26.8 26.9
17 kwh_h 0.084 0.313 0.001 0.002 0.311 0.091 0.000 0.000 tem_h 26.6 26.5 26.8
18 kwh_h 0.221 0.538 0.396 0.001 0.352 0.035 0.000 0.000 tem_h 26.5 26.2 26.7
19 kwh_h 0.470 1.042 0.791 0.149 0.594 0.029 0.000 0.000 tem_h 26.3 26.2 26.4
20 kwh_h 0.216 0.648 0.401 0.001 0.473 0.027 0.000 0.000 tem_h 26.4 26.2 26.5
21 kwh_h 0.021 0.475 0.001 0.001 0.471 0.026 0.000 0.000 tem_h 26.1 25.8 26.3
22 kwh_h 0.026 0.413 0.001 0.001 0.405 0.031 0.000 0.000 tem_h 25.9 25.7 26.1
23 kwh_h 0.017 0.301 0.001 0.001 0.298 0.021 0.000 0.000 tem_h 25.7 25.5 25.9
