0 kwh_h 0.017 0.255 0.001 0.001 0.253 0.022 0.000 0.000 tem_h 19.6 19.4 19.8
1 kwh_h 0.018 0.223 0.001 0.002 0.221 0.022 0.000 0.000 tem_h 19.4 19.4 19.6
2 kwh_h 0.018 0.283 0.001 0.001 0.281 0.023 0.000 0.000 tem_h 19.3 19.2 19.5
3 kwh_h 0.017 0.190 0.001 0.001 0.189 0.023 0.000 0.000 tem_h 19.2 19.0 19.3
4 kwh_h 0.018 0.173 0.001 0.001 0.172 0.024 0.000 0.000 tem_h 19.0 18.9 19.2
5 kwh_h 0.019 0.139 0.001 0.001 0.138 0.024 0.000 0.000 tem_h 18.9 18.8 19.0
6 kwh_h 0.042 0.166 0.001 0.052 0.143 0.024 0.000 0.000 tem_h 18.9 18.8 19.0
7 kwh_h 0.265 0.425 0.001 0.508 0.187 0.034 0.000 0.000 tem_h 19.0 18.8 19.3
8 kwh_h 0.315 0.532 0.001 0.617 0.248 0.033 0.000 0.000 tem_h 19.4 19.1 19.6
9 kwh_h 0.027 0.218 0.001 0.001 0.216 0.032 0.000 0.000 tem_h 19.5 19.4 19.7
10 kwh_h 0.033 0.197 0.001 0.012 0.191 0.032 0.000 0.000 tem_h 19.8 19.5 20.0
11 kwh_h 0.070 0.343 0.001 0.095 0.298 0.032 0.000 0.000 tem_h 19.9 19.8 20.1
12 kwh_h 0.038 0.314 0.001 0.025 0.302 0.032 0.000 0.000 tem_h 19.8 19.8 20.1
13 kwh_h 0.124 0.672 0.001 0.214 0.562 0.031 0.000 0.000 tem_h 20.0 19.9 20.1
14 kwh_h 0.319 0.708 0.001 0.510 0.451 0.092 0.000 0.000 tem_h 20.2 20.0 20.6
15 kwh_h 0.030 0.204 0.001 0.011 0.198 0.031 0.000 0.000 tem_h 20.3 20.2 20.4
16 kwh_h 0.253 0.463 0.300 0.170 0.224 0.038 0.000 0.000 tem_h 20.1 19.9 20.3
17 kwh_h 0.268 0.474 0.495 0.001 0.216 0.033 0.000 0.000 tem_h 19.9 19.0 20.1
18 kwh_h 0.582 0.837 0.946 0.202 0.249 0.033 0.000 0.000 tem_h 19.9 19.8 20.0
19 kwh_h 0.670 0.480 1.325 0.149 0.295 0.034 0.000 0.000 tem_h 20.0 19.9 20.2
20 kwh_h 0.190 0.463 0.001 0.351 0.306 0.033 0.000 0.000 tem_h 20.1 19.9 20.2
21 kwh_h 0.844 1.219 1.662 0.002 0.388 0.040 0.000 0.000 tem_h 20.0 19.8 20.2
22 kwh_h 0.033 0.247 0.001 0.015 0.238 0.031 0.000 0.000 tem_h 20.1 19.9 20.2
23 kwh_h 0.024 0.251 0.001 0.001 0.250 0.028 0.000 0.000 tem_h 19.9 19.1 20.0
