0 kwh_h 0.253 0.548 0.000 0.514 0.302 0.020 0.000 0.000 tem_h 30.8 30.4 30.9
1 kwh_h 0.084 0.300 0.000 0.099 0.252 0.043 0.000 0.000 tem_h 30.6 30.4 30.8
2 kwh_h 0.034 0.195 0.000 0.001 0.194 0.039 0.000 0.000 tem_h 29.9 28.8 30.6
3 kwh_h 0.018 0.217 0.000 0.001 0.216 0.023 0.000 0.000 tem_h 28.8 28.4 29.3
4 kwh_h 0.013 0.276 0.001 0.001 0.275 0.018 0.000 0.000 tem_h 28.5 28.1 28.8
5 kwh_h 0.012 0.207 0.000 0.001 0.206 0.016 0.000 0.000 tem_h 28.5 28.3 28.7
6 kwh_h 0.010 0.194 0.000 0.001 0.193 0.015 0.000 0.000 tem_h 28.3 28.1 28.5
7 kwh_h 0.020 0.180 0.000 0.001 0.179 0.025 0.000 0.000 tem_h 28.0 27.7 28.2
8 kwh_h 0.022 0.282 0.001 0.004 0.279 0.025 0.000 0.000 tem_h 27.7 27.4 27.9
9 kwh_h 0.019 0.253 0.001 0.001 0.250 0.023 0.000 0.000 tem_h 27.8 27.6 28.0
10 kwh_h 0.020 0.244 0.001 0.004 0.241 0.023 0.000 0.000 tem_h 27.7 27.5 27.9
11 kwh_h 0.019 0.469 0.000 0.001 0.462 0.024 0.000 0.000 tem_h 27.5 27.2 27.7
12 kwh_h 0.124 0.450 0.214 0.001 0.351 0.027 0.000 0.000 tem_h 27.5 27.0 27.6
13 kwh_h 0.067 0.333 0.001 0.107 0.283 0.024 0.000 0.000 tem_h 27.3 27.2 27.5
14 kwh_h 0.104 0.846 0.001 0.036 0.792 0.098 0.000 0.000 tem_h 27.4 26.9 28.0
15 kwh_h 0.025 0.385 0.000 0.010 0.379 0.026 0.000 0.000 tem_h 27.5 27.0 27.7
16 kwh_h 0.343 0.644 0.551 0.119 0.318 0.031 0.000 0.000 tem_h 27.6 27.4 27.7
17 kwh_h 0.069 0.273 0.001 0.110 0.226 0.024 0.000 0.000 tem_h 27.4 27.2 27.6
18 kwh_h 0.052 0.306 0.001 0.075 0.273 0.024 0.000 0.000 tem_h 27.2 26.9 27.4
19 kwh_h 0.019 0.298 0.000 0.001 0.296 0.024 0.000 0.000 tem_h 26.9 26.6 27.1
20 kwh_h 0.103 0.404 0.001 0.180 0.316 0.024 0.000 0.000 tem_h 26.5 26.3 26.8
21 kwh_h 0.305 0.623 0.588 0.001 0.327 0.028 0.000 0.000 tem_h 26.4 26.2 26.6
22 kwh_h 0.024 0.267 0.001 0.001 0.265 0.029 0.000 0.000 tem_h 26.3 26.2 26.5
23 kwh_h 0.235 0.478 0.457 0.001 0.256 0.020 0.000 0.000 tem_h 26.2 26.0 26.3
