0 kwh_h 0.100 0.302 0.183 0.001 0.215 0.017 0.000 0.000 tem_h 26.1 25.9 26.3
1 kwh_h 0.010 0.238 0.001 0.001 0.236 0.015 0.000 0.000 tem_h 25.9 25.8 26.1
2 kwh_h 0.012 0.185 0.000 0.001 0.183 0.017 0.000 0.000 tem_h 25.7 25.6 25.9
3 kwh_h 0.011 0.158 0.001 0.001 0.157 0.015 0.000 0.000 tem_h 25.5 25.4 25.8
4 kwh_h 0.010 0.167 0.001 0.001 0.166 0.015 0.000 0.000 tem_h 25.4 25.2 25.5
5 kwh_h 0.010 0.123 0.000 0.001 0.122 0.015 0.000 0.000 tem_h 25.2 25.0 25.4
6 kwh_h 0.014 0.293 0.001 0.001 0.292 0.018 0.000 0.000 tem_h 25.1 25.0 25.2
7 kwh_h 0.020 0.178 0.001 0.001 0.178 0.024 0.000 0.000 tem_h 25.1 24.9 25.1
8 kwh_h 0.021 0.175 0.001 0.001 0.173 0.026 0.000 0.000 tem_h 25.0 24.9 25.1
9 kwh_h 0.020 0.192 0.001 0.004 0.190 0.023 0.000 0.000 tem_h 25.0 24.9 25.1
10 kwh_h 0.055 0.261 0.001 0.077 0.222 0.024 0.000 0.000 tem_h 24.9 24.8 25.1
11 kwh_h 0.020 0.384 0.001 0.001 0.381 0.025 0.000 0.000 tem_h 24.9 24.8 25.1
12 kwh_h 0.027 0.393 0.001 0.016 0.383 0.024 0.000 0.000 tem_h 24.9 24.8 25.1
13 kwh_h 0.020 0.320 0.001 0.001 0.318 0.024 0.000 0.000 tem_h 24.9 24.8 25.0
14 kwh_h 0.064 0.278 0.001 0.094 0.233 0.025 0.000 0.000 tem_h 24.9 24.8 25.0
15 kwh_h 0.421 0.688 0.817 0.004 0.270 0.029 0.000 0.000 tem_h 24.8 24.7 25.0
16 kwh_h 0.925 1.251 1.861 0.011 0.364 0.034 0.000 0.000 tem_h 24.8 24.7 24.9
17 kwh_h 0.019 0.272 0.001 0.001 0.269 0.024 0.000 0.000 tem_h 24.7 24.6 24.9
18 kwh_h 0.266 0.711 0.414 0.101 0.455 0.027 0.000 0.000 tem_h 24.4 24.3 24.5
19 kwh_h 0.019 0.343 0.001 0.001 0.341 0.024 0.000 0.000 tem_h 24.3 24.1 24.4
20 kwh_h 0.155 0.433 0.001 0.290 0.300 0.026 0.000 0.000 tem_h 24.2 24.1 24.4
21 kwh_h 0.282 0.666 0.492 0.050 0.397 0.027 0.000 0.000 tem_h 24.0 23.8 24.2
22 kwh_h 0.023 0.216 0.001 0.001 0.214 0.028 0.000 0.000 tem_h 23.9 23.8 24.1
23 kwh_h 0.022 0.223 0.001 0.001 0.222 0.027 0.000 0.000 tem_h 23.7 23.6 23.9
