0 kwh_h 0.121 0.384 0.219 0.001 0.271 0.021 0.000 0.000 tem_h 21.6 21.4 21.9
1 kwh_h 0.026 0.215 0.001 0.008 0.209 0.027 0.000 0.000 tem_h 21.4 21.3 21.6
2 kwh_h 0.017 0.181 0.001 0.001 0.179 0.022 0.000 0.000 tem_h 21.3 21.2 21.4
3 kwh_h 0.017 0.178 0.001 0.001 0.177 0.022 0.000 0.000 tem_h 21.1 20.9 21.3
4 kwh_h 0.017 0.196 0.001 0.001 0.195 0.021 0.000 0.000 tem_h 20.9 20.8 21.1
5 kwh_h 0.017 0.175 0.001 0.001 0.174 0.022 0.000 0.000 tem_h 20.7 20.5 20.9
6 kwh_h 0.018 0.159 0.001 0.001 0.157 0.023 0.000 0.000 tem_h 20.7 20.5 21.4
7 kwh_h 0.077 0.276 0.001 0.111 0.229 0.031 0.000 0.000 tem_h 21.2 20.8 21.5
8 kwh_h 0.059 0.400 0.001 0.077 0.368 0.029 0.000 0.000 tem_h 21.3 21.1 21.4
9 kwh_h 0.031 0.322 0.001 0.017 0.312 0.029 0.000 0.000 tem_h 21.4 21.3 21.6
10 kwh_h 0.089 0.428 0.001 0.144 0.357 0.030 0.000 0.000 tem_h 21.7 21.5 21.9
11 kwh_h 0.081 0.369 0.001 0.127 0.316 0.028 0.000 0.000 tem_h 21.9 21.8 22.3
12 kwh_h 0.087 0.366 0.001 0.134 0.301 0.028 0.000 0.000 tem_h 22.3 22.1 22.5
13 kwh_h 0.075 0.373 0.001 0.111 0.320 0.026 0.000 0.000 tem_h 22.7 22.0 22.9
14 kwh_h 0.326 0.615 0.001 0.659 0.296 0.026 0.000 0.000 tem_h 23.0 22.8 23.3
15 kwh_h 0.019 0.286 0.001 0.001 0.284 0.023 0.000 0.000 tem_h 23.3 23.1 23.5
16 kwh_h 0.018 0.283 0.000 0.001 0.281 0.023 0.000 0.000 tem_h 23.4 23.4 23.6
17 kwh_h 0.023 0.346 0.000 0.006 0.341 0.026 0.000 0.000 tem_h 23.3 23.2 23.4
18 kwh_h 0.020 0.312 0.000 0.001 0.309 0.024 0.000 0.000 tem_h 23.3 23.3 23.4
19 kwh_h 0.321 0.656 0.616 0.001 0.339 0.028 0.000 0.000 tem_h 23.4 23.3 23.5
20 kwh_h 1.048 1.340 1.939 0.208 0.357 0.034 0.000 0.000 tem_h 23.4 23.3 23.6
21 kwh_h 0.024 0.351 0.001 0.012 0.344 0.024 0.000 0.000 tem_h 23.6 23.5 23.7
22 kwh_h 0.255 0.502 0.481 0.003 0.263 0.027 0.000 0.000 tem_h 23.4 23.3 23.6
23 kwh_h 0.011 0.303 0.000 0.001 0.300 0.016 0.000 0.000 tem_h 23.2 23.0 23.4
