0 kwh_h 0.018 0.186 0.001 0.001 0.185 0.022 0.000 0.000 tem_h 23.5 23.3 23.8
1 kwh_h 0.011 0.136 0.001 0.001 0.136 0.016 0.000 0.000 tem_h 23.4 23.3 23.5
2 kwh_h 0.012 0.205 0.001 0.001 0.205 0.017 0.000 0.000 tem_h 23.3 23.1 23.4
3 kwh_h 0.014 0.255 0.001 0.001 0.254 0.019 0.000 0.000 tem_h 23.1 23.1 23.3
4 kwh_h 0.013 0.150 0.001 0.001 0.149 0.017 0.000 0.000 tem_h 23.1 22.9 23.2
5 kwh_h 0.012 0.161 0.001 0.001 0.161 0.016 0.000 0.000 tem_h 22.9 22.9 23.1
6 kwh_h 0.013 0.234 0.001 0.001 0.232 0.017 0.000 0.000 tem_h 22.9 22.8 23.0
7 kwh_h 0.052 0.271 0.001 0.071 0.239 0.026 0.000 0.000 tem_h 23.0 22.8 23.1
8 kwh_h 0.021 0.237 0.001 0.001 0.236 0.025 0.000 0.000 tem_h 23.1 22.9 23.4
9 kwh_h 0.021 0.218 0.001 0.001 0.216 0.025 0.000 0.000 tem_h 23.4 23.3 23.6
10 kwh_h 0.486 0.740 0.954 0.001 0.241 0.028 0.000 0.000 tem_h 23.7 23.4 23.9
11 kwh_h 0.022 0.392 0.001 0.001 0.389 0.026 0.000 0.000 tem_h 24.1 23.9 24.3
12 kwh_h 0.024 0.272 0.001 0.004 0.269 0.027 0.000 0.000 tem_h 24.3 24.1 24.6
13 kwh_h 0.195 0.420 0.348 0.001 0.242 0.034 0.000 0.000 tem_h 24.8 24.5 25.0
14 kwh_h 0.027 0.258 0.001 0.004 0.255 0.030 0.000 0.000 tem_h 25.2 24.9 25.4
15 kwh_h 0.022 0.364 0.001 0.001 0.361 0.026 0.000 0.000 tem_h 25.4 25.3 25.5
16 kwh_h 0.020 0.399 0.001 0.001 0.396 0.025 0.000 0.000 tem_h 25.4 25.3 25.6
17 kwh_h 0.513 0.847 1.017 0.001 0.366 0.032 0.000 0.000 tem_h 25.4 25.3 25.6
18 kwh_h 0.130 0.678 0.226 0.001 0.566 0.026 0.000 0.000 tem_h 25.6 25.5 25.8
19 kwh_h 0.020 0.452 0.001 0.001 0.444 0.025 0.000 0.000 tem_h 25.7 25.6 25.8
20 kwh_h 0.023 0.408 0.001 0.007 0.403 0.026 0.000 0.000 tem_h 25.8 25.7 25.8
21 kwh_h 0.020 0.317 0.001 0.002 0.314 0.025 0.000 0.000 tem_h 25.7 25.6 25.8
22 kwh_h 0.020 0.400 0.001 0.001 0.397 0.025 0.000 0.000 tem_h 25.6 25.6 25.8
23 kwh_h 0.271 0.626 0.490 0.043 0.362 0.021 0.000 0.000 tem_h 25.6 25.6 25.7
