0 kwh_h 0.022 0.290 0.001 0.015 0.280 0.019 0.000 0.000 tem_h 22.9 22.8 23.1
1 kwh_h 0.013 0.354 0.001 0.001 0.352 0.017 0.000 0.000 tem_h 22.7 22.6 22.8
2 kwh_h 0.018 0.226 0.001 0.001 0.225 0.022 0.000 0.000 tem_h 22.5 22.3 22.7
3 kwh_h 0.016 0.187 0.001 0.001 0.186 0.021 0.000 0.000 tem_h 22.3 2.2 22.2
4 kwh_h 0.015 0.135 0.000 0.001 0.135 0.019 0.000 0.000 tem_h 22.0 21.9 22.2
5 kwh_h 0.013 0.145 0.001 0.001 0.144 0.017 0.000 0.000 tem_h 21.8 21.7 22.0
6 kwh_h 0.019 0.197 0.001 0.010 0.191 0.019 0.000 0.000 tem_h 22.3 21.8 22.9
7 kwh_h 0.057 0.180 0.001 0.001 0.178 0.062 0.000 0.000 tem_h 22.8 22.5 22.9
8 kwh_h 0.068 0.190 0.001 0.001 0.189 0.074 0.000 0.000 tem_h 22.6 22.5 22.8
9 kwh_h 0.069 0.241 0.001 0.001 0.240 0.075 0.000 0.000 tem_h 22.8 22.6 22.9
10 kwh_h 0.070 0.254 0.000 0.001 0.252 0.075 0.000 0.000 tem_h 23.0 22.8 23.2
11 kwh_h 0.069 0.309 0.001 0.007 0.305 0.073 0.000 0.000 tem_h 23.3 23.1 23.4
12 kwh_h 0.058 0.300 0.001 0.004 0.296 0.062 0.000 0.000 tem_h 23.6 23.4 23.8
13 kwh_h 0.068 0.203 0.001 0.003 0.200 0.073 0.000 0.000 tem_h 23.9 23.7 24.1
14 kwh_h 0.067 0.236 0.000 0.001 0.234 0.072 0.000 0.000 tem_h 24.2 23.9 24.4
15 kwh_h 0.068 0.302 0.001 0.004 0.299 0.072 0.000 0.000 tem_h 24.5 24.3 24.7
16 kwh_h 0.066 0.326 0.000 0.001 0.323 0.072 0.000 0.000 tem_h 24.8 24.6 24.9
17 kwh_h 0.062 0.288 0.001 0.001 0.285 0.067 0.000 0.000 tem_h 24.9 24.8 25.0
18 kwh_h 0.403 0.855 0.763 0.001 0.487 0.044 0.000 0.000 tem_h 25.0 24.9 25.3
19 kwh_h 0.315 0.665 0.608 0.004 0.477 0.026 0.000 0.000 tem_h 25.3 25.1 25.4
20 kwh_h 0.104 0.452 0.001 0.184 0.370 0.024 0.000 0.000 tem_h 25.4 25.3 25.5
21 kwh_h 0.056 0.446 0.000 0.077 0.410 0.026 0.000 0.000 tem_h 25.4 25.3 25.4
22 kwh_h 0.020 0.403 0.000 0.004 0.400 0.024 0.000 0.000 tem_h 25.3 25.1 25.4
23 kwh_h 0.293 0.628 0.575 0.003 0.346 0.018 0.000 0.000 tem_h 25.2 25.1 25.3
