0 kwh_h 0.110 0.419 0.175 0.009 0.328 0.026 0.000 0.000 tem_h 25.6 25.6 25.7
1 kwh_h 0.013 0.212 0.001 0.001 0.210 0.018 0.000 0.000 tem_h 25.5 25.4 25.6
2 kwh_h 0.016 0.174 0.001 0.001 0.173 0.021 0.000 0.000 tem_h 25.3 25.2 25.4
3 kwh_h 0.016 0.152 0.001 0.001 0.150 0.020 0.000 0.000 tem_h 25.2 25.1 25.3
4 kwh_h 0.013 0.138 0.001 0.001 0.137 0.017 0.000 0.000 tem_h 25.1 24.9 25.2
5 kwh_h 0.011 0.161 0.001 0.001 0.160 0.016 0.000 0.000 tem_h 24.9 24.8 25.1
6 kwh_h 0.011 0.167 0.001 0.001 0.166 0.016 0.000 0.000 tem_h 25.1 24.8 25.6
7 kwh_h 0.065 0.186 0.001 0.001 0.184 0.071 0.000 0.000 tem_h 25.7 25.5 25.8
8 kwh_h 0.087 0.231 0.001 0.001 0.229 0.094 0.000 0.000 tem_h 25.7 25.5 25.8
9 kwh_h 0.086 0.263 0.001 0.001 0.261 0.093 0.000 0.000 tem_h 25.9 25.8 26.3
10 kwh_h 0.084 0.422 0.001 0.001 0.417 0.092 0.000 0.000 tem_h 26.2 26.1 26.4
11 kwh_h 0.076 0.342 0.000 0.001 0.339 0.083 0.000 0.000 tem_h 26.5 26.3 26.8
12 kwh_h 0.068 0.327 0.000 0.001 0.325 0.074 0.000 0.000 tem_h 26.9 26.6 27.0
13 kwh_h 0.085 0.314 0.001 0.001 0.312 0.093 0.000 0.000 tem_h 27.0 26.9 27.2
14 kwh_h 0.085 0.230 0.001 0.001 0.229 0.093 0.000 0.000 tem_h 27.2 27.1 27.4
15 kwh_h 0.225 0.382 0.294 0.001 0.232 0.096 0.000 0.000 tem_h 27.4 27.3 27.5
16 kwh_h 0.498 0.707 0.887 0.001 0.272 0.096 0.000 0.000 tem_h 27.2 26.9 27.4
17 kwh_h 0.084 0.312 0.001 0.001 0.310 0.092 0.000 0.000 tem_h 27.0 26.7 27.2
18 kwh_h 0.225 0.557 0.278 0.075 0.387 0.066 0.000 0.000 tem_h 26.8 26.4 27.0
19 kwh_h 0.366 0.761 0.686 0.022 0.434 0.035 0.000 0.000 tem_h 26.7 26.0 26.9
20 kwh_h 0.034 0.366 0.001 0.025 0.352 0.026 0.000 0.000 tem_h 26.0 25.5 26.4
21 kwh_h 0.022 0.451 0.001 0.001 0.448 0.026 0.000 0.000 tem_h 26.0 25.6 26.2
22 kwh_h 0.021 0.337 0.001 0.001 0.333 0.026 0.000 0.000 tem_h 26.1 25.7 26.3
23 kwh_h 0.011 0.294 0.001 0.001 0.290 0.016 0.000 0.000 tem_h 25.9 25.6 26.1
