0 kwh_h 0.023 0.322 0.001 0.001 0.320 0.027 0.000 0.000 tem_h 26.3 26.1 26.3
1 kwh_h 0.017 0.205 0.001 0.001 0.204 0.021 0.000 0.000 tem_h 26.1 25.9 26.2
2 kwh_h 0.014 0.205 0.001 0.001 0.204 0.018 0.000 0.000 tem_h 25.9 25.8 26.1
3 kwh_h 0.014 0.194 0.001 0.001 0.192 0.018 0.000 0.000 tem_h 25.7 25.5 25.8
4 kwh_h 0.015 0.152 0.001 0.001 0.151 0.019 0.000 0.000 tem_h 25.5 25.4 25.6
5 kwh_h 0.013 0.180 0.001 0.001 0.179 0.018 0.000 0.000 tem_h 25.3 25.1 25.4
6 kwh_h 0.014 0.201 0.001 0.001 0.199 0.018 0.000 0.000 tem_h 25.3 25.0 25.8
7 kwh_h 0.053 0.289 0.001 0.001 0.287 0.058 0.000 0.000 tem_h 25.9 25.7 26.1
8 kwh_h 0.071 0.333 0.001 0.001 0.331 0.076 0.000 0.000 tem_h 25.9 25.8 25.9
9 kwh_h 0.073 0.196 0.001 0.001 0.194 0.078 0.000 0.000 tem_h 26.0 25.9 26.1
10 kwh_h 0.073 0.426 0.001 0.001 0.418 0.078 0.000 0.000 tem_h 26.3 26.1 26.4
11 kwh_h 0.069 0.360 0.001 0.020 0.348 0.065 0.000 0.000 tem_h 26.5 26.3 26.7
12 kwh_h 0.063 0.330 0.001 0.001 0.327 0.069 0.000 0.000 tem_h 26.8 26.6 26.9
13 kwh_h 0.087 0.335 0.001 0.001 0.332 0.094 0.000 0.000 tem_h 27.0 26.9 27.3
14 kwh_h 0.088 0.369 0.000 0.001 0.366 0.095 0.000 0.000 tem_h 27.4 27.1 27.6
15 kwh_h 0.088 0.310 0.001 0.001 0.308 0.095 0.000 0.000 tem_h 27.7 27.0 28.0
16 kwh_h 0.269 0.451 0.387 0.001 0.262 0.096 0.000 0.000 tem_h 28.1 27.0 28.3
17 kwh_h 0.062 0.395 0.000 0.001 0.392 0.068 0.000 0.000 tem_h 28.4 28.2 28.5
18 kwh_h 0.208 0.683 0.376 0.004 0.497 0.029 0.000 0.000 tem_h 28.6 28.4 28.8
19 kwh_h 0.171 0.645 0.236 0.078 0.509 0.028 0.000 0.000 tem_h 29.1 28.8 29.3
20 kwh_h 0.020 0.488 0.000 0.001 0.484 0.025 0.000 0.000 tem_h 29.1 28.9 29.1
21 kwh_h 0.311 0.753 0.604 0.001 0.442 0.029 0.000 0.000 tem_h 29.1 29.0 29.2
22 kwh_h 0.024 0.359 0.001 0.001 0.356 0.029 0.000 0.000 tem_h 29.0 28.8 29.2
23 kwh_h 0.012 0.323 0.000 0.001 0.320 0.017 0.000 0.000 tem_h 28.9 28.7 29.1
