0 kwh_h 0.051 0.243 0.033 0.001 0.227 0.041 0.000 0.000 tem_h 28.9 28.9 29.0
1 kwh_h 0.034 0.185 0.000 0.001 0.183 0.038 0.000 0.000 tem_h 28.9 28.8 29.0
2 kwh_h 0.031 0.290 0.001 0.001 0.288 0.036 0.000 0.000 tem_h 28.8 28.6 28.9
3 kwh_h 0.032 0.294 0.000 0.001 0.292 0.036 0.000 0.000 tem_h 28.6 28.4 28.9
4 kwh_h 0.032 0.180 0.000 0.001 0.179 0.037 0.000 0.000 tem_h 28.6 28.4 28.7
5 kwh_h 0.031 0.212 0.001 0.001 0.211 0.036 0.000 0.000 tem_h 28.4 28.3 28.5
6 kwh_h 0.021 0.206 0.000 0.001 0.204 0.026 0.000 0.000 tem_h 28.5 28.2 28.8
7 kwh_h 0.058 0.254 0.000 0.001 0.252 0.065 0.000 0.000 tem_h 28.9 28.6 29.1
8 kwh_h 0.090 0.230 0.001 0.003 0.228 0.099 0.000 0.000 tem_h 29.0 28.8 29.5
9 kwh_h 0.091 0.285 0.001 0.008 0.283 0.100 0.000 0.000 tem_h 29.6 29.1 30.3
10 kwh_h 0.140 0.336 0.000 0.112 0.279 0.098 0.000 0.000 tem_h 29.5 29.4 30.3
11 kwh_h 0.099 0.393 0.000 0.025 0.380 0.098 0.000 0.000 tem_h 29.6 29.4 29.8
12 kwh_h 0.087 0.382 0.000 0.025 0.368 0.084 0.000 0.000 tem_h 29.8 29.6 30.0
13 kwh_h 0.483 0.737 0.001 0.879 0.316 0.093 0.000 0.000 tem_h 30.1 29.9 30.3
14 kwh_h 0.544 0.819 0.000 1.015 0.329 0.098 0.000 0.000 tem_h 30.5 30.3 30.6
15 kwh_h 0.638 0.907 0.223 1.003 0.329 0.098 0.000 0.000 tem_h 30.7 30.6 30.9
16 kwh_h 0.529 0.778 0.000 0.989 0.311 0.098 0.000 0.000 tem_h 31.0 30.8 31.2
17 kwh_h 0.493 0.709 0.001 0.944 0.264 0.072 0.000 0.000 tem_h 31.2 31.1 31.3
18 kwh_h 0.557 0.883 0.239 0.948 0.335 0.033 0.000 0.000 tem_h 31.3 31.1 31.4
19 kwh_h 0.439 0.788 0.000 0.902 0.354 0.027 0.000 0.000 tem_h 31.4 31.3 31.6
20 kwh_h 0.424 0.708 0.000 0.875 0.292 0.024 0.000 0.000 tem_h 31.4 31.3 31.5
21 kwh_h 0.554 1.051 0.347 0.825 0.496 0.027 0.000 0.000 tem_h 31.3 31.2 31.4
22 kwh_h 0.419 0.769 0.014 0.846 0.360 0.028 0.000 0.000 tem_h 31.2 31.1 31.3
23 kwh_h 0.340 0.655 0.000 0.704 0.318 0.019 0.000 0.000 tem_h 31.0 30.6 31.2
