0 kwh_h 0.025 0.172 0.001 0.001 0.171 0.029 0.000 0.000 tem_h 19.7 19.5 19.8
1 kwh_h 0.019 0.151 0.001 0.001 0.150 0.024 0.000 0.000 tem_h 19.4 19.3 19.6
2 kwh_h 0.019 0.152 0.001 0.001 0.151 0.024 0.000 0.000 tem_h 19.3 19.1 19.4
3 kwh_h 0.020 0.181 0.001 0.001 0.188 0.025 0.000 0.000 tem_h 19.1 18.9 19.2
4 kwh_h 0.020 0.147 0.001 0.001 0.147 0.025 0.000 0.000 tem_h 19.0 18.8 19.1
5 kwh_h 0.020 0.137 0.001 0.001 0.136 0.025 0.000 0.000 tem_h 18.8 18.8 19.0
6 kwh_h 0.159 0.402 0.001 0.296 0.258 0.026 0.000 0.000 tem_h 19.0 18.7 19.7
7 kwh_h 0.168 0.333 0.001 0.296 0.199 0.035 0.000 0.000 tem_h 19.4 19.1 19.7
8 kwh_h 0.115 0.271 0.001 0.187 0.184 0.034 0.000 0.000 tem_h 19.4 19.3 19.7
9 kwh_h 0.128 0.293 0.001 0.213 0.190 0.033 0.000 0.000 tem_h 19.8 19.6 19.9
10 kwh_h 0.028 0.320 0.001 0.001 0.318 0.032 0.000 0.000 tem_h 20.0 19.8 20.1
11 kwh_h 0.083 0.625 0.001 0.121 0.566 0.033 0.000 0.000 tem_h 20.3 20.1 20.7
12 kwh_h 0.058 0.272 0.001 0.066 0.241 0.034 0.000 0.000 tem_h 20.7 20.6 20.8
13 kwh_h 0.935 1.302 1.657 0.341 0.342 0.039 0.000 0.000 tem_h 21.1 20.8 21.5
14 kwh_h 0.028 0.254 0.001 0.007 0.249 0.030 0.000 0.000 tem_h 21.6 21.4 21.8
15 kwh_h 0.233 0.467 0.423 0.001 0.256 0.034 0.000 0.000 tem_h 21.6 21.5 21.8
16 kwh_h 0.024 0.301 0.001 0.003 0.298 0.029 0.000 0.000 tem_h 21.8 21.7 21.9
17 kwh_h 0.027 0.339 0.001 0.007 0.329 0.028 0.000 0.000 tem_h 21.9 21.8 21.9
18 kwh_h 0.478 0.784 0.746 0.198 0.317 0.032 0.000 0.000 tem_h 21.9 21.8 22.0
19 kwh_h 0.889 1.010 1.765 0.001 0.336 0.033 0.000 0.000 tem_h 22.1 21.9 22.3
20 kwh_h 0.022 0.444 0.001 0.001 0.440 0.027 0.000 0.000 tem_h 22.3 22.1 22.3
21 kwh_h 0.022 0.357 0.000 0.001 0.353 0.027 0.000 0.000 tem_h 22.1 22.1 22.3
22 kwh_h 0.023 0.329 0.000 0.001 0.326 0.028 0.000 0.000 tem_h 22.0 21.8 22.1
23 kwh_h 0.023 0.253 0.001 0.001 0.251 0.028 0.000 0.000 tem_h 21.9 21.8 21.9
