0 kwh_h 0.014 0.225 0.000 0.002 0.223 0.018 0.000 0.000 tem_h 23.2 23.1 23.3
1 kwh_h 0.012 0.183 0.001 0.001 0.182 0.017 0.000 0.000 tem_h 23.0 22.9 23.2
2 kwh_h 0.011 0.151 0.001 0.001 0.150 0.016 0.000 0.000 tem_h 22.9 22.8 23.0
3 kwh_h 0.011 0.142 0.001 0.001 0.142 0.016 0.000 0.000 tem_h 22.7 22.6 22.9
4 kwh_h 0.013 0.173 0.001 0.001 0.172 0.017 0.000 0.000 tem_h 22.6 22.5 22.7
5 kwh_h 0.011 0.204 0.000 0.001 0.202 0.015 0.000 0.000 tem_h 22.4 22.4 22.6
6 kwh_h 0.012 0.215 0.001 0.004 0.212 0.015 0.000 0.000 tem_h 23.0 22.5 23.4
7 kwh_h 0.064 0.213 0.001 0.014 0.206 0.065 0.000 0.000 tem_h 23.2 23.0 23.3
8 kwh_h 0.087 0.224 0.001 0.001 0.222 0.094 0.000 0.000 tem_h 23.2 23.1 23.4
9 kwh_h 0.071 0.266 0.001 0.001 0.264 0.077 0.000 0.000 tem_h 23.5 23.3 23.7
10 kwh_h 0.070 0.448 0.001 0.001 0.440 0.076 0.000 0.000 tem_h 23.7 23.5 23.9
11 kwh_h 0.071 0.381 0.001 0.001 0.377 0.077 0.000 0.000 tem_h 24.1 23.8 24.3
12 kwh_h 0.086 0.400 0.000 0.068 0.368 0.060 0.000 0.000 tem_h 24.3 24.1 24.4
13 kwh_h 0.644 0.851 1.151 0.002 0.268 0.086 0.000 0.000 tem_h 24.4 24.3 24.6
14 kwh_h 0.071 0.302 0.000 0.001 0.300 0.077 0.000 0.000 tem_h 24.6 24.4 24.7
15 kwh_h 0.071 0.414 0.001 0.001 0.410 0.077 0.000 0.000 tem_h 24.6 24.4 24.7
16 kwh_h 0.070 0.319 0.001 0.001 0.317 0.076 0.000 0.000 tem_h 24.5 24.4 24.6
17 kwh_h 0.068 0.313 0.001 0.001 0.310 0.074 0.000 0.000 tem_h 24.4 24.4 24.5
18 kwh_h 0.076 0.416 0.001 0.032 0.406 0.068 0.000 0.000 tem_h 24.4 24.3 24.5
19 kwh_h 0.266 0.885 0.438 0.065 0.642 0.031 0.000 0.000 tem_h 24.3 24.1 24.4
20 kwh_h 0.305 0.822 0.550 0.093 0.510 0.027 0.000 0.000 tem_h 24.4 24.2 24.6
21 kwh_h 0.091 0.547 0.001 0.154 0.483 0.024 0.000 0.000 tem_h 24.4 24.3 24.5
22 kwh_h 0.386 0.687 0.735 0.015 0.304 0.027 0.000 0.000 tem_h 24.3 24.0 24.4
23 kwh_h 0.016 0.290 0.000 0.011 0.283 0.016 0.000 0.000 tem_h 24.2 24.0 24.3
