0 kwh_h 0.448 0.784 0.888 0.001 0.324 0.024 0.000 0.000 tem_h 21.9 21.8 22.1
1 kwh_h 0.012 0.235 0.001 0.001 0.233 0.017 0.000 0.000 tem_h 21.7 21.4 21.9
2 kwh_h 0.014 0.210 0.001 0.001 0.208 0.019 0.000 0.000 tem_h 21.4 21.1 21.6
3 kwh_h 0.014 0.173 0.001 0.001 0.171 0.019 0.000 0.000 tem_h 21.0 20.8 21.3
4 kwh_h 0.015 0.167 0.001 0.001 0.166 0.020 0.000 0.000 tem_h 20.7 20.5 20.9
5 kwh_h 0.015 0.163 0.001 0.001 0.161 0.021 0.000 0.000 tem_h 20.4 20.2 20.6
6 kwh_h 0.016 0.175 0.001 0.001 0.174 0.021 0.000 0.000 tem_h 21.2 20.5 21.9
7 kwh_h 0.025 0.211 0.001 0.001 0.209 0.030 0.000 0.000 tem_h 21.7 21.4 21.9
8 kwh_h 0.040 0.403 0.001 0.036 0.385 0.030 0.000 0.000 tem_h 21.5 21.3 21.8
9 kwh_h 0.024 0.294 0.001 0.001 0.292 0.028 0.000 0.000 tem_h 21.7 21.5 22.0
10 kwh_h 0.024 0.376 0.001 0.001 0.362 0.029 0.000 0.000 tem_h 21.6 21.5 21.7
11 kwh_h 0.049 0.628 0.001 0.054 0.596 0.029 0.000 0.000 tem_h 21.8 21.6 22.0
12 kwh_h 0.024 0.373 0.001 0.001 0.371 0.029 0.000 0.000 tem_h 22.1 21.9 22.3
13 kwh_h 0.096 0.344 0.001 0.156 0.268 0.029 0.000 0.000 tem_h 22.4 22.1 22.9
14 kwh_h 0.208 0.511 0.001 0.400 0.323 0.031 0.000 0.000 tem_h 22.6 22.4 22.9
15 kwh_h 0.022 0.261 0.001 0.001 0.259 0.026 0.000 0.000 tem_h 22.9 22.6 23.1
16 kwh_h 0.020 0.303 0.001 0.001 0.302 0.025 0.000 0.000 tem_h 22.9 22.7 23.1
17 kwh_h 0.058 0.409 0.001 0.082 0.376 0.025 0.000 0.000 tem_h 22.7 22.5 22.9
18 kwh_h 0.050 0.515 0.001 0.064 0.490 0.025 0.000 0.000 tem_h 22.6 22.4 22.7
19 kwh_h 0.049 0.371 0.001 0.064 0.343 0.024 0.000 0.000 tem_h 22.4 22.3 22.6
20 kwh_h 0.326 0.727 0.623 0.001 0.410 0.028 0.000 0.000 tem_h 22.4 22.2 22.4
21 kwh_h 0.536 0.813 1.049 0.006 0.341 0.033 0.000 0.000 tem_h 22.3 22.1 22.4
22 kwh_h 0.221 0.541 0.001 0.429 0.328 0.026 0.000 0.000 tem_h 22.0 21.7 22.3
23 kwh_h 0.274 0.550 0.532 0.001 0.281 0.021 0.000 0.000 tem_h 21.9 21.8 22.0
