0 kwh_h 0.013 0.262 0.001 0.001 0.261 0.018 0.000 0.000 tem_h 25.7 25.3 25.9
1 kwh_h 0.011 0.201 0.001 0.001 0.199 0.016 0.000 0.000 tem_h 25.8 25.7 25.9
2 kwh_h 0.010 0.185 0.001 0.001 0.184 0.015 0.000 0.000 tem_h 25.7 25.6 25.8
3 kwh_h 0.014 0.202 0.001 0.001 0.200 0.019 0.000 0.000 tem_h 25.6 25.5 25.8
4 kwh_h 0.016 0.275 0.001 0.001 0.274 0.021 0.000 0.000 tem_h 25.5 25.4 25.6
5 kwh_h 0.012 0.153 0.001 0.001 0.152 0.016 0.000 0.000 tem_h 25.4 25.3 25.5
6 kwh_h 0.012 0.194 0.001 0.001 0.192 0.017 0.000 0.000 tem_h 25.3 25.2 25.4
7 kwh_h 0.048 0.202 0.001 0.001 0.201 0.054 0.000 0.000 tem_h 25.5 25.3 25.7
8 kwh_h 0.070 0.228 0.001 0.004 0.225 0.075 0.000 0.000 tem_h 25.8 25.6 25.9
9 kwh_h 0.070 0.240 0.001 0.001 0.238 0.075 0.000 0.000 tem_h 26.1 25.9 26.2
10 kwh_h 0.075 0.408 0.001 0.001 0.405 0.081 0.000 0.000 tem_h 26.4 26.1 26.7
11 kwh_h 0.274 0.467 0.429 0.001 0.249 0.075 0.000 0.000 tem_h 26.8 26.6 27.0
12 kwh_h 0.062 0.211 0.001 0.001 0.210 0.068 0.000 0.000 tem_h 27.0 26.9 27.3
13 kwh_h 0.445 0.579 0.000 0.785 0.208 0.097 0.000 0.000 tem_h 27.2 27.1 27.4
14 kwh_h 0.487 0.692 0.000 0.878 0.281 0.096 0.000 0.000 tem_h 27.5 27.3 27.7
15 kwh_h 0.358 0.611 0.000 0.594 0.333 0.097 0.000 0.000 tem_h 27.7 27.6 27.9
16 kwh_h 0.306 0.584 0.049 0.427 0.358 0.100 0.000 0.000 tem_h 28.0 27.8 28.1
17 kwh_h 0.282 0.570 0.001 0.459 0.356 0.079 0.000 0.000 tem_h 28.1 28.0 28.1
18 kwh_h 0.580 0.859 0.439 0.793 0.297 0.029 0.000 0.000 tem_h 28.1 28.0 28.3
19 kwh_h 0.226 0.675 0.001 0.433 0.465 0.029 0.000 0.000 tem_h 28.2 28.1 28.3
20 kwh_h 0.020 0.467 0.000 0.001 0.423 0.025 0.000 0.000 tem_h 28.3 28.1 28.3
21 kwh_h 0.023 0.434 0.000 0.001 0.427 0.027 0.000 0.000 tem_h 28.3 28.2 28.3
22 kwh_h 0.024 0.461 0.001 0.001 0.457 0.029 0.000 0.000 tem_h 28.3 27.9 28.3
23 kwh_h 0.015 0.468 0.000 0.001 0.464 0.020 0.000 0.000 tem_h 28.2 28.1 28.3
